[
  [0, 62, 520.7, 110.4, 165.4, 80.4],
  [62, 0, 69.3, 12.3, 18.5, 8],
  [520.7, 69.3, 0, 74.3, 151.3, 47.4],
  [110.4, 12.3, 74.3, 0, 131.7, 62.3],
  [165.4, 18.5, 151.3, 131.7, 0, 183.5],
  [80.4, 8, 47.4, 62.3, 183.5, 0]
]